25 695
75 695
125 695
175 695
225 695
275 695
325 695
375 695
425 695
475 695
525 695
575 695
625 695
675 695
725 695
775 695
825 695
875 695
925 695
975 695
1025 695
1075 695
1125 695
1175 695
1225 695
1275 695
1275 645
1275 595
1275 545
1275 495
1275 445
1275 395
1275 345
1275 295
1275 245
1275 195
1275 145
1275 95
25 95
75 95
125 95
175 95
225 95
275 95
325 95
375 95
425 95
475 95
525 95
575 95
625 95
675 95
725 95
775 95
825 95
875 95
925 95
975 95
1025 95
1075 95
1125 95
1175 95
1225 95
25 645
25 595
25 545
25 495
25 445
25 395
25 345
25 295
25 245
25 195
25 145
375 295
425 295
475 295
525 295
575 295
625 295
675 295
725 295
775 295
825 295
875 295
925 295
975 295
125 395
175 395
325 595
375 595
575 645
625 645
675 645
725 645
775 645
975 595
1025 595
1175 445
1225 445
1025 345
